$ 1 0.0000010416666666666667 45.7144713268909 66 5 50
a 320 208 432 208 8 15 -15 1000000 2.4961774678068895 -0.24207656936405897 100000
w 432 208 432 272 0
r 432 272 288 272 0 39000
w 288 224 320 224 0
w 288 224 288 272 0
w 288 224 288 144 0
r 288 144 288 80 0 10000
r 288 272 288 336 0 10000
g 288 336 288 368 0
O 432 208 480 208 0
R 288 80 288 48 0 0 40 3.3 0 0 0.5
w 320 192 224 192 0
v 224 192 160 192 0 1 200 5 0 0 0.5
R 160 192 128 192 0 1 20000 1 5 0 0.5
p 224 192 224 336 0 0
w 224 336 256 336 0
w 256 336 288 336 0
p 256 224 256 336 0 0
w 256 224 288 224 0
o 14 32 0 4098 11 0.00009765625 0 1 in
o 17 64 0 4098 5.5 0.00009765625 1 1 threshold
o 14 64 0 4290 20 25.6 2 2 9 0 out vs in
